Dataset,Fold,Model,Acc,F1_macro,F1_micro,Time,clf__C
AIDS,0,VH,1.0,1.0,1.0,2.152099132537842,0.1
AIDS,0,EH,0.995,0.9921132536771954,0.995,0.33675599098205566,0.01
AIDS,0,VH_EH,1.0,1.0,1.0,0.4880940914154053,0.1
AIDS,0,WL-1,0.9525,0.9268041336402424,0.9525,0.6768810749053955,100.0
AIDS,0,WL-OA,0.995,0.9921132536771954,0.995,105.19592595100403,0.01
AIDS,0,PP-1,0.9825,0.9722637715327238,0.9825,0.373676061630249,10.0
AIDS,0,PP-1-OHE,0.99,0.9845195247494098,0.99,0.43813085556030273,10.0
AIDS,0,PP-1+VH,1.0,1.0,1.0,0.6496140956878662,1.0
AIDS,0,PP-3,0.9875,0.9799949987496874,0.9875,0.4407768249511719,1.0
AIDS,1,VH,0.9925,0.988113044942596,0.9925,0.49672603607177734,0.1
AIDS,1,EH,0.9925,0.988113044942596,0.9925,0.4351160526275635,1.0
AIDS,1,VH_EH,0.9925,0.988113044942596,0.9925,0.4046001434326172,1.0
AIDS,1,WL-1,0.9275,0.8850927677784273,0.9275,1.0115668773651123,100.0
AIDS,1,WL-OA,0.99,0.9840738971173754,0.99,105.04791712760925,0.01
AIDS,1,PP-1,0.985,0.9758755176711833,0.985,0.40810298919677734,10.0
AIDS,1,PP-1-OHE,0.9425,0.9165691795667038,0.9425,0.8212597370147705,1.0
AIDS,1,PP-1+VH,0.9925,0.988113044942596,0.9925,0.6338980197906494,1.0
AIDS,1,PP-3,0.9825,0.9719929982495624,0.9825,0.4871501922607422,10.0
AIDS,2,VH,0.9975,0.9960753147107015,0.9975,0.3848590850830078,10.0
AIDS,2,EH,0.9975,0.9960753147107015,0.9975,0.3343219757080078,1.0
AIDS,2,VH_EH,0.9975,0.9960753147107015,0.9975,0.39379191398620605,1.0
AIDS,2,WL-1,0.95,0.9211325367719548,0.9500000000000001,0.6570560932159424,100.0
AIDS,2,WL-OA,0.995,0.9921875,0.995,98.86164784431458,0.1
AIDS,2,PP-1,0.99,0.984226507354391,0.99,0.3299520015716553,10.0
AIDS,2,PP-1-OHE,0.98,0.9695944661928471,0.98,0.3717830181121826,1.0
AIDS,2,PP-1+VH,0.9975,0.9960753147107015,0.9975,0.48664188385009766,1.0
AIDS,2,PP-3,0.995,0.9921132536771954,0.995,0.4632289409637451,100.0
AIDS,3,VH,0.9975,0.9961119373244296,0.9975,0.3387939929962158,100.0
AIDS,3,EH,0.9975,0.9961119373244296,0.9975,0.3128368854522705,0.1
AIDS,3,VH_EH,0.9975,0.9961119373244296,0.9975,0.3616921901702881,100.0
AIDS,3,WL-1,0.97,0.9539806718821905,0.97,0.7070610523223877,100.0
AIDS,3,WL-OA,1.0,1.0,1.0,101.81335496902466,0.1
AIDS,3,PP-1,0.985,0.9763397610315865,0.985,0.33153319358825684,100.0
AIDS,3,PP-1-OHE,0.9625,0.9451428571428571,0.9625000000000001,0.4336967468261719,1.0
AIDS,3,PP-1+VH,0.9975,0.9961119373244296,0.9975,0.6158411502838135,100.0
AIDS,3,PP-3,0.99,0.984226507354391,0.99,0.4576728343963623,100.0
AIDS,4,VH,0.995,0.9921132536771954,0.995,0.3266911506652832,10.0
AIDS,4,EH,0.995,0.9921132536771954,0.995,0.3461880683898926,1.0
AIDS,4,VH_EH,0.995,0.9921132536771954,0.995,0.4192929267883301,10.0
AIDS,4,WL-1,0.925,0.8756425136793236,0.925,0.8091850280761719,10.0
AIDS,4,WL-OA,0.99,0.9840738971173754,0.99,110.25774693489075,0.01
AIDS,4,PP-1,0.9825,0.9717146003172006,0.9825,0.36797285079956055,10.0
AIDS,4,PP-1-OHE,0.97,0.9547920433996383,0.97,0.41949009895324707,1.0
AIDS,4,PP-1+VH,0.995,0.9921132536771954,0.995,0.5121986865997314,10.0
AIDS,4,PP-3,0.99,0.984226507354391,0.99,0.47628116607666016,100.0
BZR_MD,0,VH,0.7096774193548387,0.7096774193548386,0.7096774193548389,0.13677215576171875,10.0
BZR_MD,0,EH,0.6612903225806451,0.6261843238587425,0.6612903225806451,26.490998029708862,0.01
BZR_MD,0,VH_EH,0.6935483870967742,0.6928292046936115,0.6935483870967742,29.54407501220703,10.0
BZR_MD,0,WL-1,0.6451612903225806,0.6125,0.6451612903225806,0.440615177154541,10.0
BZR_MD,0,WL-OA,0.6612903225806451,0.6402321083172148,0.6612903225806451,1.1614048480987549,0.01
BZR_MD,0,PP-1,0.6129032258064516,0.5679442508710801,0.6129032258064516,0.0859220027923584,0.1
BZR_MD,0,PP-1-OHE,0.6290322580645161,0.628161668839635,0.6290322580645161,0.06347322463989258,10.0
BZR_MD,0,PP-1+VH,0.6129032258064516,0.5679442508710801,0.6129032258064516,0.15334701538085938,0.01
BZR_MD,0,PP-3,0.5967741935483871,0.5639943741209564,0.5967741935483871,0.06961989402770996,10.0
BZR_MD,1,VH,0.7049180327868853,0.7048387096774194,0.7049180327868853,0.07388901710510254,1.0
BZR_MD,1,EH,0.6229508196721312,0.6077718758736371,0.6229508196721312,31.787850856781006,10.0
BZR_MD,1,VH_EH,0.6721311475409836,0.667755991285403,0.6721311475409836,17.171283960342407,0.1
BZR_MD,1,WL-1,0.6557377049180327,0.6497128794093519,0.6557377049180327,0.21388006210327148,10.0
BZR_MD,1,WL-OA,0.639344262295082,0.6313186813186813,0.639344262295082,1.1688809394836426,0.01
BZR_MD,1,PP-1,0.5901639344262295,0.5788456227561447,0.5901639344262295,0.04932689666748047,10.0
BZR_MD,1,PP-1-OHE,0.6065573770491803,0.5978021978021979,0.6065573770491803,0.053732872009277344,1.0
BZR_MD,1,PP-1+VH,0.7049180327868853,0.7048387096774194,0.7049180327868853,0.0842587947845459,1.0
BZR_MD,1,PP-3,0.5901639344262295,0.5788456227561447,0.5901639344262295,0.07107186317443848,100.0
BZR_MD,2,VH,0.7213114754098361,0.7136150234741784,0.7213114754098362,0.11514973640441895,100.0
BZR_MD,2,EH,0.6885245901639344,0.6830735575608422,0.6885245901639344,43.29592514038086,0.01
BZR_MD,2,VH_EH,0.7049180327868853,0.6950000000000001,0.7049180327868853,13.116624116897583,0.1
BZR_MD,2,WL-1,0.5573770491803278,0.5395582890690522,0.5573770491803278,0.3234288692474365,10.0
BZR_MD,2,WL-OA,0.6065573770491803,0.5933333333333333,0.6065573770491803,1.2188811302185059,0.1
BZR_MD,2,PP-1,0.7213114754098361,0.7058156028368794,0.7213114754098362,0.06256413459777832,100.0
BZR_MD,2,PP-1-OHE,0.6229508196721312,0.6019858156028368,0.6229508196721312,0.056887149810791016,1.0
BZR_MD,2,PP-1+VH,0.7377049180327869,0.7318681318681319,0.7377049180327869,0.20066595077514648,1.0
BZR_MD,2,PP-3,0.7213114754098361,0.7058156028368794,0.7213114754098362,0.0665740966796875,0.1
BZR_MD,3,VH,0.7540983606557377,0.7538337368845844,0.7540983606557377,0.07597994804382324,0.1
BZR_MD,3,EH,0.6721311475409836,0.6720430107526881,0.6721311475409836,37.24941086769104,0.1
BZR_MD,3,VH_EH,0.7377049180327869,0.7376344086021505,0.7377049180327869,103.85534381866455,100.0
BZR_MD,3,WL-1,0.6721311475409836,0.6720430107526881,0.6721311475409836,0.25524401664733887,10.0
BZR_MD,3,WL-OA,0.6885245901639344,0.6871794871794872,0.6885245901639344,1.1288697719573975,0.1
BZR_MD,3,PP-1,0.7213114754098361,0.7164342357123326,0.7213114754098362,0.054327964782714844,100.0
BZR_MD,3,PP-1-OHE,0.6557377049180327,0.6523744911804613,0.6557377049180327,0.0508570671081543,10.0
BZR_MD,3,PP-1+VH,0.7377049180327869,0.7376344086021505,0.7377049180327869,0.12438297271728516,100.0
BZR_MD,3,PP-3,0.7213114754098361,0.7164342357123326,0.7213114754098362,0.06581711769104004,0.1
BZR_MD,4,VH,0.639344262295082,0.6369047619047619,0.639344262295082,0.09296989440917969,1.0
BZR_MD,4,EH,0.5901639344262295,0.5673758865248227,0.5901639344262295,34.07942605018616,1.0
BZR_MD,4,VH_EH,0.639344262295082,0.6392473118279569,0.639344262295082,44.193509340286255,10.0
BZR_MD,4,WL-1,0.5409836065573771,0.5255555555555556,0.5409836065573771,0.21828007698059082,10.0
BZR_MD,4,WL-OA,0.45901639344262296,0.45901639344262296,0.45901639344262296,1.1735451221466064,0.1
BZR_MD,4,PP-1,0.6229508196721312,0.6125379729356532,0.6229508196721312,0.05340003967285156,0.1
BZR_MD,4,PP-1-OHE,0.6065573770491803,0.6013071895424836,0.6065573770491803,0.04905104637145996,1.0
BZR_MD,4,PP-1+VH,0.639344262295082,0.6369047619047619,0.639344262295082,0.1147918701171875,10.0
BZR_MD,4,PP-3,0.639344262295082,0.6313186813186813,0.639344262295082,0.06427383422851562,10.0
COX2_MD,0,VH,0.6229508196721312,0.6192672998643148,0.6229508196721312,0.1078341007232666,10.0
COX2_MD,0,EH,0.5409836065573771,0.5191441441441441,0.5409836065573771,84.95560216903687,1.0
COX2_MD,0,VH_EH,0.639344262295082,0.6369047619047619,0.639344262295082,46.658764123916626,1.0
COX2_MD,0,WL-1,0.639344262295082,0.6369047619047619,0.639344262295082,0.4458177089691162,10.0
COX2_MD,0,WL-OA,0.6721311475409836,0.6720430107526882,0.6721311475409836,1.4183568954467773,0.1
COX2_MD,0,PP-1,0.4918032786885246,0.4912563895614743,0.4918032786885246,0.052931785583496094,1.0
COX2_MD,0,PP-1-OHE,0.7049180327868853,0.6983516483516483,0.7049180327868853,0.05581998825073242,1.0
COX2_MD,0,PP-1+VH,0.6229508196721312,0.6225450632230294,0.6229508196721312,0.15273213386535645,100.0
COX2_MD,0,PP-3,0.4426229508196721,0.36768292682926834,0.4426229508196721,0.08035111427307129,10.0
COX2_MD,1,VH,0.6557377049180327,0.655367231638418,0.6557377049180327,0.10232901573181152,10.0
COX2_MD,1,EH,0.6065573770491803,0.5812356979405034,0.6065573770491803,52.0605251789093,10.0
COX2_MD,1,VH_EH,0.6557377049180327,0.654251012145749,0.6557377049180327,77.84516096115112,100.0
COX2_MD,1,WL-1,0.5901639344262295,0.5897228948076405,0.5901639344262295,0.5853362083435059,1.0
COX2_MD,1,WL-OA,0.6229508196721312,0.6225450632230294,0.6229508196721312,2.1716067790985107,0.01
COX2_MD,1,PP-1,0.5081967213114754,0.5048701298701298,0.5081967213114754,0.06867623329162598,100.0
COX2_MD,1,PP-1-OHE,0.6229508196721312,0.6019858156028369,0.6229508196721312,0.05753779411315918,1.0
COX2_MD,1,PP-1+VH,0.6229508196721312,0.6229508196721313,0.6229508196721312,0.10169100761413574,1.0
COX2_MD,1,PP-3,0.5081967213114754,0.4089147286821706,0.5081967213114754,0.0675818920135498,1.0
COX2_MD,2,VH,0.6229508196721312,0.6229508196721313,0.6229508196721312,0.08189702033996582,0.1
COX2_MD,2,EH,0.5901639344262295,0.5288847698486253,0.5901639344262295,95.38701915740967,1.0
COX2_MD,2,VH_EH,0.5737704918032787,0.568082788671024,0.5737704918032787,80.57894015312195,0.1
COX2_MD,2,WL-1,0.6065573770491803,0.6038961038961039,0.6065573770491803,0.32938694953918457,10.0
COX2_MD,2,WL-OA,0.6065573770491803,0.5978021978021979,0.6065573770491803,1.3715438842773438,0.01
COX2_MD,2,PP-1,0.4426229508196721,0.44247311827956987,0.4426229508196721,0.0649871826171875,10.0
COX2_MD,2,PP-1-OHE,0.6721311475409836,0.6611111111111111,0.6721311475409836,0.054084062576293945,10.0
COX2_MD,2,PP-1+VH,0.5409836065573771,0.5398706896551724,0.5409836065573771,0.09633111953735352,10.0
COX2_MD,2,PP-3,0.5081967213114754,0.3369565217391305,0.5081967213114754,0.06093001365661621,0.01
COX2_MD,3,VH,0.65,0.6491228070175439,0.65,0.06607198715209961,0.1
COX2_MD,3,EH,0.65,0.6109910466193269,0.65,83.37789964675903,0.01
COX2_MD,3,VH_EH,0.6666666666666666,0.6411483253588517,0.6666666666666666,88.70172691345215,100.0
COX2_MD,3,WL-1,0.5833333333333334,0.5832175604334537,0.5833333333333334,0.49154210090637207,10.0
COX2_MD,3,WL-OA,0.6333333333333333,0.6266968325791855,0.6333333333333333,1.4140129089355469,0.01
COX2_MD,3,PP-1,0.5166666666666667,0.5154553049289892,0.5166666666666667,0.08075594902038574,10.0
COX2_MD,3,PP-1-OHE,0.65,0.6491228070175439,0.65,0.056535959243774414,1.0
COX2_MD,3,PP-1+VH,0.6666666666666666,0.6606334841628959,0.6666666666666666,0.09680509567260742,0.1
COX2_MD,3,PP-3,0.4666666666666667,0.3181818181818182,0.4666666666666667,0.06758999824523926,100.0
COX2_MD,4,VH,0.6666666666666666,0.6606334841628959,0.6666666666666666,0.08910012245178223,0.1
COX2_MD,4,EH,0.6,0.5378690629011553,0.6,41.1853141784668,1.0
COX2_MD,4,VH_EH,0.7,0.6827262044653348,0.7,101.00800609588623,100.0
COX2_MD,4,WL-1,0.5833333333333334,0.5822890559732665,0.5833333333333334,0.45061492919921875,10.0
COX2_MD,4,WL-OA,0.6,0.5982142857142857,0.6,1.528886079788208,0.1
COX2_MD,4,PP-1,0.5333333333333333,0.5333333333333333,0.5333333333333333,0.06513500213623047,100.0
COX2_MD,4,PP-1-OHE,0.6333333333333333,0.6180555555555556,0.6333333333333333,0.05329704284667969,10.0
COX2_MD,4,PP-1+VH,0.6833333333333333,0.6760443307757885,0.6833333333333333,0.08475279808044434,0.1
COX2_MD,4,PP-3,0.5166666666666667,0.3406593406593407,0.5166666666666667,0.0771338939666748,0.01
DHFR_MD,0,VH,0.6835443037974683,0.40601503759398494,0.6835443037974683,0.1139979362487793,0.01
DHFR_MD,0,EH,0.6835443037974683,0.40601503759398494,0.6835443037974683,77.64133095741272,0.01
DHFR_MD,0,VH_EH,0.6835443037974683,0.40601503759398494,0.6835443037974683,114.59330368041992,0.01
DHFR_MD,0,WL-1,0.6835443037974683,0.40601503759398494,0.6835443037974683,0.4237048625946045,0.01
DHFR_MD,0,WL-OA,0.6455696202531646,0.47533206831119545,0.6455696202531646,1.747309923171997,0.01
DHFR_MD,0,PP-1,0.6708860759493671,0.4651041666666666,0.6708860759493671,0.1378169059753418,100.0
DHFR_MD,0,PP-1-OHE,0.6835443037974683,0.40601503759398494,0.6835443037974683,0.06371617317199707,0.01
DHFR_MD,0,PP-1+VH,0.6835443037974683,0.40601503759398494,0.6835443037974683,0.3130488395690918,0.01
DHFR_MD,0,PP-3,0.6835443037974683,0.40601503759398494,0.6835443037974683,0.11636090278625488,0.01
DHFR_MD,1,VH,0.6835443037974683,0.40601503759398494,0.6835443037974683,0.07872772216796875,0.01
DHFR_MD,1,EH,0.6835443037974683,0.40601503759398494,0.6835443037974683,84.11899518966675,0.01
DHFR_MD,1,VH_EH,0.6835443037974683,0.40601503759398494,0.6835443037974683,165.77157187461853,0.01
DHFR_MD,1,WL-1,0.6835443037974683,0.5212121212121212,0.6835443037974683,0.3404397964477539,10.0
DHFR_MD,1,WL-OA,0.6835443037974683,0.5212121212121212,0.6835443037974683,1.9082801342010498,0.01
DHFR_MD,1,PP-1,0.6835443037974683,0.40601503759398494,0.6835443037974683,0.09111380577087402,0.01
DHFR_MD,1,PP-1-OHE,0.620253164556962,0.49788135593220334,0.620253164556962,0.07098913192749023,1.0
DHFR_MD,1,PP-1+VH,0.6835443037974683,0.40601503759398494,0.6835443037974683,0.7262287139892578,0.01
DHFR_MD,1,PP-3,0.6835443037974683,0.40601503759398494,0.6835443037974683,0.09296703338623047,0.01
DHFR_MD,2,VH,0.6708860759493671,0.40151515151515155,0.6708860759493671,0.08278083801269531,0.01
DHFR_MD,2,EH,0.6708860759493671,0.40151515151515155,0.6708860759493671,208.73680901527405,0.01
DHFR_MD,2,VH_EH,0.6708860759493671,0.40151515151515155,0.6708860759493671,68.53615069389343,0.01
DHFR_MD,2,WL-1,0.6708860759493671,0.40151515151515155,0.6708860759493671,0.3164100646972656,0.01
DHFR_MD,2,WL-OA,0.6329113924050633,0.5063563887093299,0.6329113924050633,1.7895457744598389,0.1
DHFR_MD,2,PP-1,0.6455696202531646,0.42395833333333327,0.6455696202531646,0.1741018295288086,100.0
DHFR_MD,2,PP-1-OHE,0.6708860759493671,0.40151515151515155,0.6708860759493671,0.07299304008483887,0.01
DHFR_MD,2,PP-1+VH,0.6329113924050633,0.44460606060606056,0.6329113924050633,1.971078872680664,100.0
DHFR_MD,2,PP-3,0.6582278481012658,0.4582169164338329,0.6582278481012658,0.14106297492980957,100.0
DHFR_MD,3,VH,0.6794871794871795,0.40458015267175573,0.6794871794871795,0.10072612762451172,0.01
DHFR_MD,3,EH,0.6794871794871795,0.40458015267175573,0.6794871794871795,354.3051903247833,0.01
DHFR_MD,3,VH_EH,0.6794871794871795,0.40458015267175573,0.6794871794871795,77.74243474006653,0.1
DHFR_MD,3,WL-1,0.6923076923076923,0.44615384615384623,0.6923076923076923,0.35095810890197754,1.0
DHFR_MD,3,WL-OA,0.6538461538461539,0.50271546635183,0.6538461538461539,1.8811330795288086,0.01
DHFR_MD,3,PP-1,0.6794871794871795,0.40458015267175573,0.6794871794871795,0.12742185592651367,0.01
DHFR_MD,3,PP-1-OHE,0.6794871794871795,0.40458015267175573,0.6794871794871795,0.05760693550109863,0.01
DHFR_MD,3,PP-1+VH,0.6794871794871795,0.40458015267175573,0.6794871794871795,1.0334701538085938,0.01
DHFR_MD,3,PP-3,0.6794871794871795,0.40458015267175573,0.6794871794871795,0.11277508735656738,0.01
DHFR_MD,4,VH,0.6794871794871795,0.40458015267175573,0.6794871794871795,0.10220217704772949,10.0
DHFR_MD,4,EH,0.6794871794871795,0.40458015267175573,0.6794871794871795,57.85758113861084,0.01
DHFR_MD,4,VH_EH,0.6794871794871795,0.40458015267175573,0.6794871794871795,443.94190788269043,0.01
DHFR_MD,4,WL-1,0.6794871794871795,0.40458015267175573,0.6794871794871795,0.36003899574279785,0.01
DHFR_MD,4,WL-OA,0.6410256410256411,0.5293103448275862,0.6410256410256411,2.6377663612365723,0.01
DHFR_MD,4,PP-1,0.6794871794871795,0.40458015267175573,0.6794871794871795,0.08847475051879883,0.01
DHFR_MD,4,PP-1-OHE,0.6794871794871795,0.40458015267175573,0.6794871794871795,0.428325891494751,0.01
DHFR_MD,4,PP-1+VH,0.6794871794871795,0.40458015267175573,0.6794871794871795,1.0469930171966553,0.01
DHFR_MD,4,PP-3,0.6794871794871795,0.40458015267175573,0.6794871794871795,0.4862551689147949,0.01
ER_MD,0,VH,0.7444444444444445,0.7405689936082215,0.7444444444444445,0.21963810920715332,0.1
ER_MD,0,EH,0.8,0.7963800904977376,0.8000000000000002,130.45882415771484,0.1
ER_MD,0,VH_EH,0.7555555555555555,0.7536087605774017,0.7555555555555555,310.1885361671448,100.0
ER_MD,0,WL-1,0.6555555555555556,0.6020539152759948,0.6555555555555556,0.35646581649780273,10.0
ER_MD,0,WL-OA,0.7222222222222222,0.7092647628892621,0.7222222222222222,2.5010528564453125,0.1
ER_MD,0,PP-1,0.6777777777777778,0.6774193548387096,0.6777777777777778,0.48615503311157227,0.1
ER_MD,0,PP-1-OHE,0.7,0.6534017971758665,0.7,0.08482098579406738,1.0
ER_MD,0,PP-1+VH,0.7333333333333333,0.7333333333333333,0.7333333333333333,0.4752233028411865,0.1
ER_MD,0,PP-3,0.6222222222222222,0.6064814814814815,0.6222222222222222,0.1066131591796875,100.0
ER_MD,1,VH,0.6629213483146067,0.6501572327044025,0.6629213483146067,0.6591789722442627,100.0
ER_MD,1,EH,0.7752808988764045,0.7620320855614974,0.7752808988764045,93.46294403076172,0.1
ER_MD,1,VH_EH,0.7303370786516854,0.7224532224532224,0.7303370786516854,109.13483476638794,10.0
ER_MD,1,WL-1,0.6853932584269663,0.6480225988700565,0.6853932584269663,0.3701808452606201,10.0
ER_MD,1,WL-OA,0.6966292134831461,0.6836909306305121,0.6966292134831461,2.033282995223999,0.1
ER_MD,1,PP-1,0.651685393258427,0.6500951173113507,0.651685393258427,0.08733797073364258,0.1
ER_MD,1,PP-1-OHE,0.7640449438202247,0.7237250554323724,0.7640449438202248,0.0889730453491211,1.0
ER_MD,1,PP-1+VH,0.7191011235955056,0.7185325743200506,0.7191011235955056,0.15280795097351074,10.0
ER_MD,1,PP-3,0.6741573033707865,0.6734977862112586,0.6741573033707865,0.09715819358825684,100.0
ER_MD,2,VH,0.7415730337078652,0.7403931515535828,0.7415730337078652,0.23647308349609375,1.0
ER_MD,2,EH,0.7528089887640449,0.7410052910052911,0.752808988764045,378.6904890537262,1.0
ER_MD,2,VH_EH,0.7191011235955056,0.7168130329642357,0.7191011235955056,247.13978481292725,100.0
ER_MD,2,WL-1,0.651685393258427,0.6368303277609584,0.651685393258427,0.368117094039917,10.0
ER_MD,2,WL-OA,0.7303370786516854,0.729483282674772,0.7303370786516854,2.038125991821289,0.1
ER_MD,2,PP-1,0.7078651685393258,0.7060467479674797,0.7078651685393259,0.0827188491821289,1.0
ER_MD,2,PP-1-OHE,0.5393258426966292,0.4802734653183307,0.5393258426966292,0.08662605285644531,1.0
ER_MD,2,PP-1+VH,0.7191011235955056,0.7168130329642357,0.7191011235955056,0.14258074760437012,0.1
ER_MD,2,PP-3,0.7078651685393258,0.7060467479674797,0.7078651685393259,0.09172797203063965,10.0
ER_MD,3,VH,0.6179775280898876,0.6035115303983228,0.6179775280898876,0.2690308094024658,0.1
ER_MD,3,EH,0.6966292134831461,0.6941580756013745,0.6966292134831461,85.56681394577026,0.1
ER_MD,3,VH_EH,0.6853932584269663,0.6821428571428572,0.6853932584269663,71.67864489555359,0.01
ER_MD,3,WL-1,0.6629213483146067,0.6387987012987013,0.6629213483146067,0.34247303009033203,10.0
ER_MD,3,WL-OA,0.6741573033707865,0.6699910497378851,0.6741573033707865,1.9908809661865234,0.1
ER_MD,3,PP-1,0.6966292134831461,0.6964759378552483,0.6966292134831461,0.07143187522888184,0.1
ER_MD,3,PP-1-OHE,0.7078651685393258,0.6869588744588744,0.7078651685393259,0.0769507884979248,1.0
ER_MD,3,PP-1+VH,0.7415730337078652,0.7414424655803966,0.7415730337078652,0.11706781387329102,1.0
ER_MD,3,PP-3,0.651685393258427,0.6500951173113507,0.651685393258427,0.09776997566223145,10.0
ER_MD,4,VH,0.6741573033707865,0.6699910497378851,0.6741573033707865,0.2952592372894287,100.0
ER_MD,4,EH,0.6853932584269663,0.6703703703703703,0.6853932584269663,187.97872495651245,1.0
ER_MD,4,VH_EH,0.6966292134831461,0.6836909306305121,0.6966292134831461,108.07408404350281,1.0
ER_MD,4,WL-1,0.7640449438202247,0.7381252627154267,0.7640449438202248,0.31220316886901855,10.0
ER_MD,4,WL-OA,0.6966292134831461,0.6889320388349514,0.6966292134831461,1.9924838542938232,0.1
ER_MD,4,PP-1,0.7415730337078652,0.7382687635852193,0.7415730337078652,0.1066889762878418,0.1
ER_MD,4,PP-1-OHE,0.7303370786516854,0.673992673992674,0.7303370786516854,0.11012601852416992,1.0
ER_MD,4,PP-1+VH,0.8314606741573034,0.8306911857958148,0.8314606741573034,0.17832183837890625,100.0
ER_MD,4,PP-3,0.7078651685393258,0.6968029350104821,0.7078651685393259,0.09879016876220703,100.0
Mutagenicity,0,VH,0.6589861751152074,0.6496085972233587,0.6589861751152074,23.83268904685974,10.0
Mutagenicity,0,EH,0.6382488479262672,0.6234637488947834,0.6382488479262672,71.09890103340149,1.0
Mutagenicity,0,VH_EH,0.6693548387096774,0.6628022030826373,0.6693548387096774,88.4722330570221,1.0
Mutagenicity,0,WL-1,0.7730414746543779,0.7709471089768062,0.773041474654378,2.3802218437194824,100.0
Mutagenicity,0,WL-OA,0.836405529953917,0.8347836810414622,0.836405529953917,607.8819210529327,0.1
Mutagenicity,0,PP-1,0.5783410138248848,0.5615217715355184,0.5783410138248848,1.9493250846862793,100.0
Mutagenicity,0,PP-1-OHE,0.6394009216589862,0.6385945728792952,0.6394009216589862,1.1521100997924805,1.0
Mutagenicity,0,PP-1+VH,0.652073732718894,0.6463948287118723,0.652073732718894,37.014052867889404,100.0
Mutagenicity,0,PP-3,0.5783410138248848,0.5598304098428797,0.5783410138248848,1.389336109161377,10.0
Mutagenicity,1,VH,0.6578341013824884,0.6462611917258413,0.6578341013824884,51.21830892562866,100.0
Mutagenicity,1,EH,0.6382488479262672,0.6196382717427711,0.6382488479262672,86.25992202758789,0.1
Mutagenicity,1,VH_EH,0.6877880184331797,0.6798116122533706,0.6877880184331797,79.70927810668945,10.0
Mutagenicity,1,WL-1,0.7753456221198156,0.7705879243533809,0.7753456221198156,2.264409065246582,100.0
Mutagenicity,1,WL-OA,0.8110599078341014,0.807743629360316,0.8110599078341014,603.5091819763184,0.1
Mutagenicity,1,PP-1,0.6175115207373272,0.6100586719781766,0.6175115207373272,1.302706003189087,10.0
Mutagenicity,1,PP-1-OHE,0.6509216589861752,0.6473791822807382,0.6509216589861752,1.150156021118164,1.0
Mutagenicity,1,PP-1+VH,0.6728110599078341,0.6653035067424822,0.6728110599078341,13.716176986694336,0.1
Mutagenicity,1,PP-3,0.619815668202765,0.6081124713376493,0.619815668202765,1.5493180751800537,100.0
Mutagenicity,2,VH,0.6782006920415224,0.667433831990794,0.6782006920415224,28.393375158309937,1.0
Mutagenicity,2,EH,0.6343713956170703,0.6106506226864411,0.6343713956170703,85.55865097045898,10.0
Mutagenicity,2,VH_EH,0.6920415224913494,0.6851796193416337,0.6920415224913494,69.00158500671387,1.0
Mutagenicity,2,WL-1,0.7785467128027682,0.774294670846395,0.7785467128027682,2.3332462310791016,100.0
Mutagenicity,2,WL-OA,0.8442906574394463,0.8415512262875104,0.8442906574394463,608.077663898468,0.1
Mutagenicity,2,PP-1,0.6147635524798154,0.6065858403617076,0.6147635524798154,1.287592887878418,10.0
Mutagenicity,2,PP-1-OHE,0.6516724336793541,0.6466859178496247,0.6516724336793541,1.1893658638000488,1.0
Mutagenicity,2,PP-1+VH,0.6828143021914648,0.6752875324303895,0.6828143021914648,14.299304008483887,0.1
Mutagenicity,2,PP-3,0.6055363321799307,0.5921627420774647,0.6055363321799307,1.5001869201660156,100.0
Mutagenicity,3,VH,0.7001153402537486,0.6909887482727611,0.7001153402537486,23.419724702835083,1.0
Mutagenicity,3,EH,0.6528258362168397,0.6270328209745535,0.6528258362168397,85.9827389717102,0.1
Mutagenicity,3,VH_EH,0.7093425605536332,0.7023378746594005,0.7093425605536332,69.25468802452087,0.1
Mutagenicity,3,WL-1,0.8108419838523645,0.808444252842593,0.8108419838523645,2.3345370292663574,100.0
Mutagenicity,3,WL-OA,0.8385236447520185,0.8360261536798876,0.8385236447520185,613.2916572093964,0.1
Mutagenicity,3,PP-1,0.6228373702422145,0.6118298458458897,0.6228373702422145,1.4885268211364746,10.0
Mutagenicity,3,PP-1-OHE,0.6655132641291811,0.6629913787557099,0.6655132641291811,1.0932793617248535,1.0
Mutagenicity,3,PP-1+VH,0.6828143021914648,0.6764069190627099,0.6828143021914648,31.947482109069824,100.0
Mutagenicity,3,PP-3,0.6020761245674741,0.5861655337864854,0.6020761245674741,1.3340377807617188,10.0
Mutagenicity,4,VH,0.6678200692041523,0.6559561733226045,0.6678200692041523,23.930721044540405,0.1
Mutagenicity,4,EH,0.6389850057670127,0.6121636975582567,0.6389850057670127,86.28151297569275,0.01
Mutagenicity,4,VH_EH,0.6828143021914648,0.6740712894296161,0.6828143021914648,171.80718803405762,100.0
Mutagenicity,4,WL-1,0.7866205305651672,0.7829992761907338,0.7866205305651673,2.415674924850464,100.0
Mutagenicity,4,WL-OA,0.8546712802768166,0.8524235383118988,0.8546712802768167,610.2839448451996,0.1
Mutagenicity,4,PP-1,0.5986159169550173,0.5919271594118221,0.5986159169550173,1.2830591201782227,10.0
Mutagenicity,4,PP-1-OHE,0.6424452133794695,0.6388082567327851,0.6424452133794695,1.2144298553466797,1.0
Mutagenicity,4,PP-1+VH,0.6747404844290658,0.6648416423573794,0.6747404844290658,33.00750398635864,100.0
Mutagenicity,4,PP-3,0.5824682814302191,0.5747235772357724,0.5824682814302191,1.370323896408081,0.1
MUTAG,0,VH,0.8421052631578947,0.7964285714285715,0.8421052631578947,0.11323976516723633,0.1
MUTAG,0,EH,0.8157894736842105,0.7543859649122806,0.8157894736842104,0.10802507400512695,0.1
MUTAG,0,VH_EH,0.8947368421052632,0.8782051282051282,0.8947368421052632,0.07979607582092285,10.0
MUTAG,0,WL-1,0.8947368421052632,0.8782051282051282,0.8947368421052632,0.07129788398742676,100.0
MUTAG,0,WL-OA,0.868421052631579,0.8441345365053321,0.868421052631579,0.4006049633026123,0.1
MUTAG,0,PP-1,0.7631578947368421,0.7038961038961038,0.7631578947368421,0.03326106071472168,1.0
MUTAG,0,PP-1-OHE,0.7368421052631579,0.6041666666666666,0.7368421052631579,0.03626084327697754,1.0
MUTAG,0,PP-1+VH,0.8421052631578947,0.7964285714285715,0.8421052631578947,0.09997177124023438,1.0
MUTAG,0,PP-3,0.7631578947368421,0.7038961038961038,0.7631578947368421,0.040596961975097656,1.0
MUTAG,1,VH,0.9210526315789473,0.9138321995464853,0.9210526315789473,0.03612112998962402,1.0
MUTAG,1,EH,0.9210526315789473,0.9105882352941176,0.9210526315789473,0.07564806938171387,0.01
MUTAG,1,VH_EH,0.9210526315789473,0.9138321995464853,0.9210526315789473,0.06642889976501465,10.0
MUTAG,1,WL-1,0.868421052631579,0.8606016140865738,0.868421052631579,0.05241584777832031,100.0
MUTAG,1,WL-OA,0.8157894736842105,0.8048422597212033,0.8157894736842104,0.32990002632141113,0.1
MUTAG,1,PP-1,0.868421052631579,0.8441345365053321,0.868421052631579,0.02780294418334961,0.1
MUTAG,1,PP-1-OHE,0.868421052631579,0.8441345365053321,0.868421052631579,0.03324174880981445,1.0
MUTAG,1,PP-1+VH,0.8947368421052632,0.8830769230769231,0.8947368421052632,0.044913530349731445,1.0
MUTAG,1,PP-3,0.8947368421052632,0.8782051282051282,0.8947368421052632,0.036273956298828125,1.0
MUTAG,2,VH,0.7894736842105263,0.7564102564102564,0.7894736842105263,0.028012990951538086,1.0
MUTAG,2,EH,0.7631578947368421,0.719442165709598,0.7631578947368421,0.06226015090942383,0.1
MUTAG,2,VH_EH,0.8947368421052632,0.8869047619047619,0.8947368421052632,0.10122418403625488,100.0
MUTAG,2,WL-1,0.9473684210526315,0.9391025641025641,0.9473684210526315,0.04950118064880371,100.0
MUTAG,2,WL-OA,0.8157894736842105,0.781788351107465,0.8157894736842104,0.30712080001831055,0.01
MUTAG,2,PP-1,0.7631578947368421,0.7038961038961038,0.7631578947368421,0.034039974212646484,0.1
MUTAG,2,PP-1-OHE,0.8421052631578947,0.8173076923076923,0.8421052631578947,0.03379988670349121,1.0
MUTAG,2,PP-1+VH,0.7894736842105263,0.7564102564102564,0.7894736842105263,0.0484466552734375,10.0
MUTAG,2,PP-3,0.7631578947368421,0.719442165709598,0.7631578947368421,0.03853297233581543,1.0
MUTAG,3,VH,0.8648648648648649,0.8422847399829497,0.8648648648648649,0.043576955795288086,1.0
MUTAG,3,EH,0.8378378378378378,0.8059440559440558,0.8378378378378378,0.07448410987854004,0.1
MUTAG,3,VH_EH,0.8648648648648649,0.8489795918367347,0.8648648648648649,0.06908893585205078,100.0
MUTAG,3,WL-1,0.8108108108108109,0.7791986359761296,0.8108108108108109,0.04930424690246582,100.0
MUTAG,3,WL-OA,0.8378378378378378,0.815,0.8378378378378378,0.35223984718322754,0.01
MUTAG,3,PP-1,0.6486486486486487,0.6209613869188338,0.6486486486486487,0.036535024642944336,100.0
MUTAG,3,PP-1-OHE,0.7837837837837838,0.725925925925926,0.7837837837837838,0.03765988349914551,1.0
MUTAG,3,PP-1+VH,0.8648648648648649,0.8422847399829497,0.8648648648648649,0.043785810470581055,0.1
MUTAG,3,PP-3,0.7297297297297297,0.703525641025641,0.7297297297297297,0.03875923156738281,100.0
MUTAG,4,VH,0.8918918918918919,0.8814102564102564,0.8918918918918919,0.030690908432006836,0.1
MUTAG,4,EH,0.8918918918918919,0.8850931677018634,0.8918918918918919,0.3046300411224365,0.1
MUTAG,4,VH_EH,0.8648648648648649,0.8542159180457053,0.8648648648648649,0.07235217094421387,100.0
MUTAG,4,WL-1,0.8108108108108109,0.7885714285714285,0.8108108108108109,0.04434704780578613,100.0
MUTAG,4,WL-OA,0.8648648648648649,0.8542159180457053,0.8648648648648649,0.2900409698486328,0.1
MUTAG,4,PP-1,0.8918918918918919,0.8706293706293706,0.8918918918918919,0.03830599784851074,100.0
MUTAG,4,PP-1-OHE,0.8648648648648649,0.8489795918367347,0.8648648648648649,0.03453969955444336,1.0
MUTAG,4,PP-1+VH,0.918918918918919,0.9125295508274232,0.918918918918919,0.04957699775695801,0.1
MUTAG,4,PP-3,0.8648648648648649,0.8489795918367347,0.8648648648648649,0.04095888137817383,100.0
PTC_FM,0,VH,0.6142857142857143,0.48571428571428565,0.6142857142857143,0.6814322471618652,100.0
PTC_FM,0,EH,0.5857142857142857,0.36936936936936937,0.5857142857142857,0.3154590129852295,0.01
PTC_FM,0,VH_EH,0.5857142857142857,0.36936936936936937,0.5857142857142857,2.268015146255493,0.01
PTC_FM,0,WL-1,0.6571428571428571,0.5338512763596004,0.6571428571428571,0.09208488464355469,1.0
PTC_FM,0,WL-OA,0.6714285714285714,0.6556149732620321,0.6714285714285714,1.259674072265625,1.0
PTC_FM,0,PP-1,0.6714285714285714,0.5912668189895913,0.6714285714285714,0.053601741790771484,10.0
PTC_FM,0,PP-1-OHE,0.6,0.5359848484848485,0.6,0.0638420581817627,1.0
PTC_FM,0,PP-1+VH,0.6571428571428571,0.5665634674922602,0.6571428571428571,0.30539774894714355,10.0
PTC_FM,0,PP-3,0.6714285714285714,0.5912668189895913,0.6714285714285714,0.07653594017028809,10.0
PTC_FM,1,VH,0.5857142857142857,0.36936936936936937,0.5857142857142857,0.20688772201538086,0.1
PTC_FM,1,EH,0.5857142857142857,0.36936936936936937,0.5857142857142857,0.47806310653686523,0.01
PTC_FM,1,VH_EH,0.5857142857142857,0.36936936936936937,0.5857142857142857,1.805394172668457,0.01
PTC_FM,1,WL-1,0.6285714285714286,0.5578231292517006,0.6285714285714286,0.08751487731933594,10.0
PTC_FM,1,WL-OA,0.6714285714285714,0.577538703752296,0.6714285714285714,1.237518072128296,0.01
PTC_FM,1,PP-1,0.6428571428571429,0.5996339510409517,0.6428571428571429,0.054779052734375,100.0
PTC_FM,1,PP-1-OHE,0.6857142857142857,0.6438482886216466,0.6857142857142857,0.07094001770019531,1.0
PTC_FM,1,PP-1+VH,0.6571428571428571,0.5918367346938775,0.6571428571428571,0.41384410858154297,1.0
PTC_FM,1,PP-3,0.6571428571428571,0.6114708603145236,0.6571428571428571,0.07282400131225586,100.0
PTC_FM,2,VH,0.5857142857142857,0.36936936936936937,0.5857142857142857,0.22267580032348633,0.01
PTC_FM,2,EH,0.5857142857142857,0.36936936936936937,0.5857142857142857,0.5332629680633545,1.0
PTC_FM,2,VH_EH,0.5857142857142857,0.36936936936936937,0.5857142857142857,1.1712799072265625,0.01
PTC_FM,2,WL-1,0.5571428571428572,0.44909875602944915,0.5571428571428572,0.094512939453125,10.0
PTC_FM,2,WL-OA,0.5571428571428572,0.4305956441878772,0.5571428571428572,1.3112130165100098,0.01
PTC_FM,2,PP-1,0.5428571428571428,0.43999999999999995,0.5428571428571428,0.06340408325195312,100.0
PTC_FM,2,PP-1-OHE,0.6142857142857143,0.5468712538959483,0.6142857142857143,0.06760215759277344,1.0
PTC_FM,2,PP-1+VH,0.5,0.4269005847953216,0.5,0.7074882984161377,100.0
PTC_FM,2,PP-3,0.5285714285714286,0.43089430894308944,0.5285714285714286,0.08862018585205078,100.0
PTC_FM,3,VH,0.5714285714285714,0.4173140954495006,0.5714285714285714,0.2630641460418701,1.0
PTC_FM,3,EH,0.6,0.37499999999999994,0.6,0.42198920249938965,0.01
PTC_FM,3,VH_EH,0.5714285714285714,0.4391025641025641,0.5714285714285714,2.053370952606201,10.0
PTC_FM,3,WL-1,0.6142857142857143,0.5201827875095202,0.6142857142857143,0.10336804389953613,10.0
PTC_FM,3,WL-OA,0.6857142857142857,0.651268115942029,0.6857142857142857,1.289830207824707,1.0
PTC_FM,3,PP-1,0.6428571428571429,0.568859324956886,0.6428571428571429,0.06257200241088867,100.0
PTC_FM,3,PP-1-OHE,0.6142857142857143,0.5468712538959482,0.6142857142857143,0.05323481559753418,1.0
PTC_FM,3,PP-1+VH,0.5857142857142857,0.4476190476190476,0.5857142857142857,0.2714860439300537,0.1
PTC_FM,3,PP-3,0.6285714285714286,0.5578231292517006,0.6285714285714286,0.06934404373168945,100.0
PTC_FM,4,VH,0.5797101449275363,0.36697247706422015,0.5797101449275363,0.186049222946167,0.01
PTC_FM,4,EH,0.5942028985507246,0.37272727272727274,0.5942028985507246,0.3946230411529541,0.01
PTC_FM,4,VH_EH,0.5942028985507246,0.5071428571428571,0.5942028985507246,1.1349399089813232,10.0
PTC_FM,4,WL-1,0.6086956521739131,0.5439412484700122,0.6086956521739131,0.08724713325500488,10.0
PTC_FM,4,WL-OA,0.6231884057971014,0.6211993243243243,0.6231884057971014,1.2323200702667236,1.0
PTC_FM,4,PP-1,0.6811594202898551,0.6486111111111111,0.6811594202898551,0.05893206596374512,10.0
PTC_FM,4,PP-1-OHE,0.6521739130434783,0.5996131528046421,0.6521739130434783,0.07712197303771973,1.0
PTC_FM,4,PP-1+VH,0.5942028985507246,0.37272727272727274,0.5942028985507246,0.3356971740722656,0.01
PTC_FM,4,PP-3,0.6811594202898551,0.655,0.6811594202898551,0.07797718048095703,100.0
PTC_FR,0,VH,0.676056338028169,0.5016783643576442,0.676056338028169,0.11680102348327637,1.0
PTC_FR,0,EH,0.647887323943662,0.39316239316239315,0.647887323943662,0.23609185218811035,0.01
PTC_FR,0,VH_EH,0.676056338028169,0.5016783643576442,0.676056338028169,0.36943793296813965,1.0
PTC_FR,0,WL-1,0.6901408450704225,0.5106516290726817,0.6901408450704225,0.08721590042114258,1.0
PTC_FR,0,WL-OA,0.6338028169014085,0.3879310344827586,0.6338028169014085,1.3083488941192627,0.01
PTC_FR,0,PP-1,0.647887323943662,0.39316239316239315,0.647887323943662,0.09159302711486816,0.01
PTC_FR,0,PP-1-OHE,0.647887323943662,0.39316239316239315,0.647887323943662,0.05506277084350586,0.01
PTC_FR,0,PP-1+VH,0.676056338028169,0.5254286544609126,0.676056338028169,3.2460482120513916,10.0
PTC_FR,0,PP-3,0.647887323943662,0.39316239316239315,0.647887323943662,0.07419896125793457,0.01
PTC_FR,1,VH,0.6714285714285714,0.4998446722584654,0.6714285714285714,0.15883183479309082,1.0
PTC_FR,1,EH,0.6571428571428571,0.39655172413793105,0.6571428571428571,0.4842560291290283,0.01
PTC_FR,1,VH_EH,0.6857142857142857,0.5089285714285714,0.6857142857142857,0.851952314376831,1.0
PTC_FR,1,WL-1,0.7,0.5181907571288102,0.7,0.08994388580322266,1.0
PTC_FR,1,WL-OA,0.6571428571428571,0.39655172413793105,0.6571428571428571,1.3943798542022705,0.01
PTC_FR,1,PP-1,0.6571428571428571,0.39655172413793105,0.6571428571428571,0.059034109115600586,0.01
PTC_FR,1,PP-1-OHE,0.6571428571428571,0.39655172413793105,0.6571428571428571,0.05671286582946777,0.01
PTC_FR,1,PP-1+VH,0.6571428571428571,0.5138888888888888,0.6571428571428571,4.625293016433716,10.0
PTC_FR,1,PP-3,0.6571428571428571,0.39655172413793105,0.6571428571428571,0.08576202392578125,0.01
PTC_FR,2,VH,0.6857142857142857,0.4804318488529015,0.6857142857142857,0.14994502067565918,0.1
PTC_FR,2,EH,0.6571428571428571,0.39655172413793105,0.6571428571428571,0.4008030891418457,0.01
PTC_FR,2,VH_EH,0.6857142857142857,0.4804318488529015,0.6857142857142857,1.527045726776123,100.0
PTC_FR,2,WL-1,0.6714285714285714,0.44,0.6714285714285714,0.0849752426147461,1.0
PTC_FR,2,WL-OA,0.6714285714285714,0.4723041625696493,0.6714285714285714,1.3725180625915527,0.01
PTC_FR,2,PP-1,0.6571428571428571,0.49090909090909096,0.6571428571428571,0.06682896614074707,10.0
PTC_FR,2,PP-1-OHE,0.6571428571428571,0.39655172413793105,0.6571428571428571,0.05556917190551758,0.01
PTC_FR,2,PP-1+VH,0.7142857142857143,0.611542730299667,0.7142857142857143,5.672979831695557,100.0
PTC_FR,2,PP-3,0.5714285714285714,0.47500000000000003,0.5714285714285714,0.0862741470336914,100.0
PTC_FR,3,VH,0.6857142857142857,0.4804318488529015,0.6857142857142857,0.2937328815460205,100.0
PTC_FR,3,EH,0.6571428571428571,0.39655172413793105,0.6571428571428571,0.4745919704437256,0.01
PTC_FR,3,VH_EH,0.6857142857142857,0.4804318488529015,0.6857142857142857,0.4030342102050781,1.0
PTC_FR,3,WL-1,0.6857142857142857,0.4804318488529015,0.6857142857142857,0.08390498161315918,1.0
PTC_FR,3,WL-OA,0.6714285714285714,0.44,0.6714285714285714,1.3653051853179932,0.01
PTC_FR,3,PP-1,0.6571428571428571,0.39655172413793105,0.6571428571428571,0.06618309020996094,0.01
PTC_FR,3,PP-1-OHE,0.6571428571428571,0.39655172413793105,0.6571428571428571,0.055856943130493164,0.01
PTC_FR,3,PP-1+VH,0.6857142857142857,0.4804318488529015,0.6857142857142857,5.066493034362793,1.0
PTC_FR,3,PP-3,0.6571428571428571,0.39655172413793105,0.6571428571428571,0.07813906669616699,0.01
PTC_FR,4,VH,0.6571428571428571,0.4331983805668016,0.6571428571428571,0.1446850299835205,0.1
PTC_FR,4,EH,0.6571428571428571,0.39655172413793105,0.6571428571428571,0.385922908782959,0.01
PTC_FR,4,VH_EH,0.6428571428571429,0.4264175680104884,0.6428571428571429,0.4098491668701172,1.0
PTC_FR,4,WL-1,0.6571428571428571,0.4331983805668016,0.6571428571428571,0.07915425300598145,1.0
PTC_FR,4,WL-OA,0.6714285714285714,0.6140014385039558,0.6714285714285714,1.2493908405303955,0.1
PTC_FR,4,PP-1,0.6571428571428571,0.39655172413793105,0.6571428571428571,0.10686707496643066,0.01
PTC_FR,4,PP-1-OHE,0.6571428571428571,0.39655172413793105,0.6571428571428571,0.07644391059875488,0.01
PTC_FR,4,PP-1+VH,0.6571428571428571,0.4331983805668016,0.6571428571428571,3.7796761989593506,1.0
PTC_FR,4,PP-3,0.6571428571428571,0.39655172413793105,0.6571428571428571,0.09066605567932129,10.0
PTC_MM,0,VH,0.7205882352941176,0.6472836472836473,0.7205882352941176,0.27170372009277344,1.0
PTC_MM,0,EH,0.6176470588235294,0.38181818181818183,0.6176470588235294,0.44805097579956055,0.01
PTC_MM,0,VH_EH,0.7058823529411765,0.6348012889366272,0.7058823529411765,2.428267002105713,100.0
PTC_MM,0,WL-1,0.6764705882352942,0.5686274509803921,0.6764705882352942,0.08597397804260254,1.0
PTC_MM,0,WL-OA,0.6617647058823529,0.618070818070818,0.6617647058823529,1.1928608417510986,0.1
PTC_MM,0,PP-1,0.6176470588235294,0.38181818181818183,0.6176470588235294,0.08612275123596191,0.01
PTC_MM,0,PP-1-OHE,0.6176470588235294,0.38181818181818183,0.6176470588235294,0.05355095863342285,0.01
PTC_MM,0,PP-1+VH,0.7058823529411765,0.6348012889366272,0.7058823529411765,0.4441699981689453,1.0
PTC_MM,0,PP-3,0.6176470588235294,0.38181818181818183,0.6176470588235294,0.09459996223449707,0.01
PTC_MM,1,VH,0.6119402985074627,0.506235827664399,0.6119402985074627,0.1915569305419922,0.1
PTC_MM,1,EH,0.6119402985074627,0.37962962962962965,0.6119402985074627,0.29454994201660156,0.01
PTC_MM,1,VH_EH,0.6119402985074627,0.506235827664399,0.6119402985074627,0.9793620109558105,1.0
PTC_MM,1,WL-1,0.6417910447761194,0.5442176870748299,0.6417910447761194,0.08866405487060547,10.0
PTC_MM,1,WL-OA,0.5970149253731343,0.5878332194121668,0.5970149253731343,1.1808748245239258,1.0
PTC_MM,1,PP-1,0.582089552238806,0.5144927536231885,0.582089552238806,0.0638740062713623,1.0
PTC_MM,1,PP-1-OHE,0.5522388059701493,0.4302721088435374,0.5522388059701493,0.0674448013305664,1.0
PTC_MM,1,PP-1+VH,0.582089552238806,0.44823529411764707,0.582089552238806,0.5169258117675781,0.1
PTC_MM,1,PP-3,0.582089552238806,0.5144927536231885,0.582089552238806,0.09628963470458984,10.0
PTC_MM,2,VH,0.7014925373134329,0.6201814058956916,0.7014925373134329,0.18683981895446777,0.1
PTC_MM,2,EH,0.6119402985074627,0.37962962962962965,0.6119402985074627,0.41340184211730957,0.01
PTC_MM,2,VH_EH,0.7014925373134329,0.6201814058956916,0.7014925373134329,1.5331480503082275,10.0
PTC_MM,2,WL-1,0.6417910447761194,0.5592105263157894,0.6417910447761194,0.08503293991088867,10.0
PTC_MM,2,WL-OA,0.6716417910447762,0.6429263565891473,0.6716417910447762,1.1617507934570312,0.1
PTC_MM,2,PP-1,0.6119402985074627,0.37962962962962965,0.6119402985074627,0.060706138610839844,0.01
PTC_MM,2,PP-1-OHE,0.6119402985074627,0.37962962962962965,0.6119402985074627,0.05937790870666504,0.01
PTC_MM,2,PP-1+VH,0.6865671641791045,0.6079687935358038,0.6865671641791045,0.31186676025390625,1.0
PTC_MM,2,PP-3,0.6119402985074627,0.37962962962962965,0.6119402985074627,0.08523106575012207,0.01
PTC_MM,3,VH,0.6865671641791045,0.5939393939393939,0.6865671641791045,0.21298885345458984,1.0
PTC_MM,3,EH,0.6119402985074627,0.37962962962962965,0.6119402985074627,0.23583221435546875,0.01
PTC_MM,3,VH_EH,0.6865671641791045,0.5939393939393939,0.6865671641791045,1.0527901649475098,100.0
PTC_MM,3,WL-1,0.7014925373134329,0.6326754385964912,0.7014925373134329,0.07554507255554199,10.0
PTC_MM,3,WL-OA,0.6716417910447762,0.548406862745098,0.6716417910447762,1.1959631443023682,0.01
PTC_MM,3,PP-1,0.6417910447761194,0.5592105263157894,0.6417910447761194,0.07077622413635254,100.0
PTC_MM,3,PP-1-OHE,0.582089552238806,0.4682539682539682,0.582089552238806,0.05525803565979004,1.0
PTC_MM,3,PP-1+VH,0.6567164179104478,0.5376537653765376,0.6567164179104478,0.23561429977416992,0.1
PTC_MM,3,PP-3,0.6119402985074627,0.37962962962962965,0.6119402985074627,0.06867575645446777,0.01
PTC_MM,4,VH,0.6268656716417911,0.5165945165945166,0.6268656716417911,0.190277099609375,1.0
PTC_MM,4,EH,0.6268656716417911,0.3853211009174312,0.6268656716417911,0.528109073638916,0.01
PTC_MM,4,VH_EH,0.6268656716417911,0.5165945165945166,0.6268656716417911,0.5328161716461182,0.1
PTC_MM,4,WL-1,0.6716417910447762,0.5664705882352941,0.6716417910447762,0.09059572219848633,1.0
PTC_MM,4,WL-OA,0.6119402985074627,0.5780038759689923,0.6119402985074627,1.214967966079712,0.1
PTC_MM,4,PP-1,0.6865671641791045,0.593939393939394,0.6865671641791045,0.07568001747131348,100.0
PTC_MM,4,PP-1-OHE,0.5671641791044776,0.4392496392496392,0.5671641791044776,0.05682086944580078,1.0
PTC_MM,4,PP-1+VH,0.6268656716417911,0.5165945165945166,0.6268656716417911,2.793768882751465,0.1
PTC_MM,4,PP-3,0.6567164179104478,0.5706324881582614,0.6567164179104478,0.07698392868041992,100.0
PTC_MR,0,VH,0.5942028985507246,0.4536199095022625,0.5942028985507246,0.23198580741882324,0.1
PTC_MR,0,EH,0.5507246376811594,0.35514018691588783,0.5507246376811594,0.5718629360198975,0.01
PTC_MR,0,VH_EH,0.5942028985507246,0.4536199095022625,0.5942028985507246,0.8646731376647949,1.0
PTC_MR,0,WL-1,0.6086956521739131,0.6033638492654887,0.6086956521739131,0.07482600212097168,100.0
PTC_MR,0,WL-OA,0.6666666666666666,0.6663863779693084,0.6666666666666666,1.3034391403198242,0.1
PTC_MR,0,PP-1,0.5652173913043478,0.4995164410058027,0.5652173913043478,0.04939532279968262,10.0
PTC_MR,0,PP-1-OHE,0.5362318840579711,0.4888888888888888,0.5362318840579711,0.05367875099182129,1.0
PTC_MR,0,PP-1+VH,0.5942028985507246,0.4536199095022625,0.5942028985507246,0.3873147964477539,0.1
PTC_MR,0,PP-3,0.6086956521739131,0.5548387096774194,0.6086956521739131,0.09067702293395996,100.0
PTC_MR,1,VH,0.5797101449275363,0.4225108225108225,0.5797101449275363,0.4318201541900635,100.0
PTC_MR,1,EH,0.5507246376811594,0.35514018691588783,0.5507246376811594,0.4708840847015381,0.01
PTC_MR,1,VH_EH,0.5797101449275363,0.4225108225108225,0.5797101449275363,4.251741170883179,100.0
PTC_MR,1,WL-1,0.5652173913043478,0.5295454545454545,0.5652173913043478,0.12304306030273438,10.0
PTC_MR,1,WL-OA,0.5507246376811594,0.5314348302300109,0.5507246376811594,1.1592140197753906,0.01
PTC_MR,1,PP-1,0.5362318840579711,0.5241379310344827,0.5362318840579711,0.05663108825683594,100.0
PTC_MR,1,PP-1-OHE,0.5507246376811594,0.35514018691588783,0.5507246376811594,0.0886228084564209,0.01
PTC_MR,1,PP-1+VH,0.5797101449275363,0.5739833936555248,0.5797101449275363,0.2771482467651367,10.0
PTC_MR,1,PP-3,0.5362318840579711,0.5132275132275133,0.5362318840579711,0.06796789169311523,10.0
PTC_MR,2,VH,0.5942028985507246,0.43042452830188677,0.5942028985507246,0.26209187507629395,0.1
PTC_MR,2,EH,0.5652173913043478,0.3611111111111111,0.5652173913043478,0.48561787605285645,0.01
PTC_MR,2,VH_EH,0.6231884057971014,0.5278947368421053,0.6231884057971014,1.6601548194885254,10.0
PTC_MR,2,WL-1,0.5797101449275363,0.5411602843384544,0.5797101449275363,0.09475898742675781,10.0
PTC_MR,2,WL-OA,0.6811594202898551,0.6728448275862069,0.6811594202898551,1.1750459671020508,0.1
PTC_MR,2,PP-1,0.6086956521739131,0.6083666176161446,0.6086956521739131,0.06149792671203613,100.0
PTC_MR,2,PP-1-OHE,0.5072463768115942,0.4754025044722719,0.5072463768115942,0.08335709571838379,1.0
PTC_MR,2,PP-1+VH,0.5652173913043478,0.5576923076923077,0.5652173913043478,0.4313650131225586,100.0
PTC_MR,2,PP-3,0.5507246376811594,0.5492096944151739,0.5507246376811594,0.07520198822021484,100.0
PTC_MR,3,VH,0.6086956521739131,0.4623376623376624,0.6086956521739131,0.12381792068481445,0.1
PTC_MR,3,EH,0.5652173913043478,0.3611111111111111,0.5652173913043478,0.47077083587646484,0.01
PTC_MR,3,VH_EH,0.5942028985507246,0.45361990950226244,0.5942028985507246,1.3135778903961182,1.0
PTC_MR,3,WL-1,0.6086956521739131,0.5644143090951601,0.6086956521739131,0.08798599243164062,10.0
PTC_MR,3,WL-OA,0.6376811594202898,0.6349206349206349,0.6376811594202898,1.2379679679870605,0.1
PTC_MR,3,PP-1,0.5652173913043478,0.5538793103448276,0.5652173913043478,0.05433392524719238,1.0
PTC_MR,3,PP-1-OHE,0.4927536231884058,0.40881272949816405,0.4927536231884058,0.06749105453491211,1.0
PTC_MR,3,PP-1+VH,0.5797101449275363,0.5411602843384544,0.5797101449275363,0.32874083518981934,1.0
PTC_MR,3,PP-3,0.5652173913043478,0.5208333333333334,0.5652173913043478,0.07891201972961426,1.0
PTC_MR,4,VH,0.5588235294117647,0.43333333333333335,0.5588235294117647,0.11952686309814453,10.0
PTC_MR,4,EH,0.5588235294117647,0.3584905660377359,0.5588235294117647,0.38120603561401367,0.01
PTC_MR,4,VH_EH,0.5441176470588235,0.42451542451542457,0.5441176470588235,0.9956841468811035,1.0
PTC_MR,4,WL-1,0.5735294117647058,0.41982936157693446,0.5735294117647058,0.08440518379211426,1.0
PTC_MR,4,WL-OA,0.5588235294117647,0.46875000000000006,0.5588235294117647,1.2921972274780273,0.01
PTC_MR,4,PP-1,0.5441176470588235,0.49605546258666033,0.5441176470588235,0.05831599235534668,10.0
PTC_MR,4,PP-1-OHE,0.5441176470588235,0.4852258852258853,0.5441176470588235,0.0627436637878418,1.0
PTC_MR,4,PP-1+VH,0.5735294117647058,0.41982936157693446,0.5735294117647058,0.2961101531982422,0.1
PTC_MR,4,PP-3,0.5588235294117647,0.49604743083003955,0.5588235294117647,0.07068800926208496,1.0
